id,EAP,HPL,MWS
id02310,0.28385911278501413,0.11562396517061294,0.6005169220443729
id24541,0.7788304543977626,0.14365287331621904,0.07751667228601844
id00134,0.4202164929445314,0.505622943488603,0.07416056356686564
id27757,0.6726849042311555,0.2541651991778838,0.07314989659096069
id04081,0.7666731576757769,0.14679642494381737,0.08653041738040576
id27337,0.5851812605527863,0.32666755211668735,0.08815118733052632
id24265,0.5963023878570882,0.36504389024641043,0.03865372189650134
id25917,0.07625303874071535,0.5369620768575138,0.3867848844017707
id04951,0.8473921385384611,0.10636098895558173,0.046246872505957166
id14549,0.8033175514647213,0.08305454442260073,0.11362790411267805
id22505,0.21876151992130188,0.31694337472038325,0.46429510535831475
id24002,0.07427028923338518,0.9034858566547703,0.02224385411184451
id18982,0.2236151669429135,0.4768482971263432,0.29953653593074325
id15181,0.12619234934508278,0.8324573699890194,0.041350280665897694
id21888,0.46754126934663665,0.20896828641048465,0.32349044424287876
id12035,0.011946769774071966,0.011097954034641712,0.9769552761912863
id17991,0.36610067902403387,0.14710332612165317,0.48679599485431313
id10707,0.9858442410447812,0.007293284757980529,0.00686247419723814
id07101,0.4556548252003224,0.29185147915949355,0.2524936956401841
id00345,0.26927780995224593,0.59986883886164,0.13085335118611405
id05912,0.816404540589868,0.09722222610255318,0.08637323330757883
id13443,0.5404658854208836,0.15879018585675228,0.30074392872236416
id09248,0.35734413543915017,0.26355009348474456,0.37910577107610527
id17542,0.2752721711888987,0.6632488213306502,0.061479007480451126
id06995,0.06194454106175709,0.03855395392056287,0.89950150501768
id25159,0.7177539504448884,0.08626094932689597,0.19598510022821547
id25729,0.5404264119894936,0.39985594566356286,0.059717642346943614
id26949,0.8141259979907931,0.12747700630825332,0.05839699570095361
id27191,0.44639724843799766,0.1579845530623143,0.39561819849968816
id07668,0.2900606166157036,0.058700500942662256,0.6512388824416342
id02230,0.29487822272963327,0.3489430860475651,0.3561786912228017
id15553,0.7804808088875856,0.07540251837029974,0.14411667274211448
id25688,0.21756065520645423,0.6114924102483422,0.17094693454520352
id17545,0.8135687217282224,0.09351320612743044,0.09291807214434722
id13929,0.2965614901080268,0.5308064148286882,0.17263209506328508
id12880,0.5699912489782178,0.26355111209480586,0.16645763892697635
id19282,0.4267354569567246,0.14598191769974503,0.42728262534353034
id14690,0.06867541411402817,0.030562703156984963,0.9007618827289869
id17975,0.12394469928355875,0.688261722557404,0.18779357815903713
id08037,0.5616884103060392,0.09866394482952606,0.3396476448644347
id15412,0.4113452985246455,0.12814120148049485,0.46051349999485974
id25032,0.13419601123904962,0.07684023702755792,0.7889637517333925
id27165,0.8784570587763234,0.06290620245886956,0.058636738764806906
id03327,0.5654535896492948,0.2481151261074237,0.18643128424328154
id18515,0.6129081305534073,0.11354534333444985,0.2735465261121428
id21003,0.3276812747114911,0.11594425465892318,0.5563744706295857
id23855,0.03442357494914622,0.8186255581067,0.14695086694415366
id20724,0.7780671319206172,0.15182501201809212,0.07010785606129072
id13303,0.4976747738070454,0.1582004618722873,0.3441247643206673
id16521,0.05966207347670357,0.17990695706878088,0.7604309694545155
id20775,0.8335441100768424,0.12826663882198797,0.0381892511011697
id13029,0.8242726610988659,0.07977768313099451,0.09594965577013967
id14660,0.7476937006901835,0.17781178740934975,0.07449451190046681
id11028,0.07627004214916763,0.030984368756765752,0.8927455890940665
id14180,0.617741142557108,0.22919624461711735,0.1530626128257746
id25860,0.9581809758409021,0.029237703810274074,0.012581320348824015
id11910,0.6030541479495956,0.16102552559289374,0.2359203264575106
id08065,0.27706655808541764,0.1644772909395882,0.5584561509749942
id22674,0.23665230286111233,0.15449898074236743,0.6088487163965202
id25018,0.3937262376848957,0.08394826158050962,0.5223255007345947
id10892,0.3517389375742623,0.5650145410032679,0.08324652142246979
id10217,0.3105428763550105,0.6178176763090333,0.0716394473359562
id12996,0.2440341401960781,0.4984346755666315,0.25753118423729043
id18262,0.4791311012930828,0.20385351662000695,0.31701538208691027
id08606,0.07736800661546567,0.8629790684391279,0.059652924945406416
id17233,0.7121110744023228,0.11120510660809454,0.17668381898958263
id00101,0.4381997588446323,0.15548073404928367,0.406319507106084
id12225,0.7919341288321642,0.12913167360206992,0.07893419756576586
id01364,0.13107847029906397,0.7861274762976522,0.08279405340328375
id24973,0.5058405182131716,0.24200028361799708,0.25215919816883137
id25363,0.602862182116512,0.06470153549863725,0.3324362823848508
id10061,0.47401191834910983,0.12465411397930351,0.4013339676715867
id17673,0.3285125351031487,0.4405026414438038,0.23098482345304755
id13249,0.4563131960557596,0.16297095291098648,0.380715851033254
id10107,0.08491201466133277,0.03765690164444983,0.8774310836942174
id04403,0.7225496570584264,0.059377116619790796,0.2180732263217829
id25728,0.8197395814143749,0.047621511917380066,0.13263890666824513
id16184,0.412895743522083,0.08590629067994193,0.501197965797975
id03438,0.0786837207043492,0.008922998053652566,0.9123932812419981
id22923,0.29252392927244203,0.6363602640455965,0.07111580668196146
id08610,0.7545113003597834,0.12507545233437295,0.12041324730584368
id25355,0.21440432337577908,0.20520759796092292,0.5803880786632981
id16916,0.375320500446223,0.5303682832838829,0.09431121626989411
id12793,0.4335628764262157,0.408230512700805,0.1582066108729793
id11859,0.3634731423205543,0.1433215660359488,0.4932052916434969
id02434,0.8979907287895987,0.07071424571177526,0.03129502549862602
id27703,0.12803116918219073,0.06572403498237053,0.8062447958354387
id25212,0.22793579971213845,0.721917691202034,0.05014650908582753
id11308,0.015489852756193453,0.2377908426933712,0.7467193045504353
id26094,0.5581253286888005,0.2750594929542244,0.16681517835697518
id22080,0.7523958973864455,0.24077397702447428,0.006830125589080143
id03545,0.676505420158675,0.2375225191720173,0.08597206066930764
id23725,0.09508075080340214,0.1833753528566616,0.7215438963399362
id12009,0.6166070676566144,0.18758046182783605,0.1958124705155495
id24241,0.363889525566355,0.32795912619869383,0.3081513482349512
id03596,0.22641461196256923,0.6366827844437909,0.13690260359363987
id10749,0.22820747052186546,0.5272578713172139,0.24453465816092065
id22794,0.12800400697241243,0.20485780093944467,0.6671381920881428
id15482,0.36888760010250676,0.22762637523951595,0.4034860246579772
id04833,0.5076773084998278,0.33912199796362935,0.15320069353654278
id00397,0.14903930847447203,0.012578278346971915,0.838382413178556
id14691,0.2817560681385763,0.17225644450599265,0.545987487355431
id05193,0.22733364263022005,0.04693950262726378,0.7257268547425162
id19541,0.823487904905856,0.11438941803618546,0.062122677057958486
id22166,0.07624347276200188,0.0698896588666874,0.8538668683713106
id20744,0.047614300070822846,0.025927240928583783,0.9264584590005933
id10392,0.04315768034120016,0.023664707577944658,0.9331776120808553
id00770,0.6358505994607861,0.23040961855067266,0.13373978198854122
id06018,0.26162679767991864,0.5968845487725989,0.14148865354748252
id15678,0.3187178715416084,0.1591632004719848,0.5221189279864068
id08305,0.7818971899652672,0.15130222878750998,0.06680058124722271
id08903,0.4817932151916416,0.17996412616363552,0.3382426586447229
id14752,0.593886305195753,0.30163245505398645,0.10448123975026047
id12468,0.19630064421865423,0.7490833557551119,0.05461600002623387
id05085,0.46707759839029783,0.3794740173206066,0.15344838428909552
id21993,0.09356039329477375,0.014804052923533168,0.8916355537816931
id15503,0.7846938812291613,0.1707909337890899,0.044515184981748904
id03021,0.05496457350201406,0.8486476366373497,0.09638778986063617
id16123,0.9105018520457415,0.058944867554261836,0.030553280399996656
id19383,0.8499155383543091,0.10094892329902783,0.04913553834666312
id04186,0.95748367832537,0.02699674496353826,0.015519576711091627
id17954,0.058073713702408006,0.018135019061522557,0.9237912672360695
id12030,0.3178154466631805,0.036549561135383615,0.6456349922014359
id13020,0.7138791917389083,0.22562999791568972,0.06049081034540201
id25327,0.1230735032573281,0.5656091401693295,0.31131735657334236
id16344,0.23865381906920202,0.2185223534121275,0.5428238275186704
id12303,0.2974035036237733,0.5642757831278077,0.1383207132484191
id15017,0.6752750455835947,0.17621640703371064,0.1485085473826945
id22308,0.44231281002763556,0.11989855831387503,0.43778863165848936
id06536,0.12886275826074364,0.305574052890579,0.5655631888486774
id19797,0.0705447864986339,0.8158774722526341,0.11357774124873213
id06332,0.3001413395616926,0.42074692598982955,0.2791117344484779
id22941,0.36620276966724685,0.20024336703520917,0.4335538632975441
id13547,0.12151907586006513,0.20912371705696603,0.6693572070829689
id06928,0.08737942993220373,0.028930505878521733,0.8836900641892746
id12521,0.5028544406711634,0.3482941047214056,0.14885145460743107
id25716,0.6183149576492868,0.03255711712994009,0.3491279252207731
id27116,0.002937184054969009,0.0012361890292067774,0.9958266269158242
id19941,0.24986674094201386,0.6579834929538578,0.09214976610412827
id05711,0.03801532924612435,0.0903746336361939,0.8716100371176818
id02097,0.0370203596302435,0.0872353388900539,0.8757443014797026
id03563,0.09039237094121513,0.8844462700605449,0.025161358998240027
id02295,0.264921363232682,0.49219370592206835,0.2428849308452497
id08179,0.9100534041234924,0.060607549172631676,0.029339046703875937
id05332,0.17745026918138862,0.7208461249815551,0.1017036058370564
id15697,0.5522298403737119,0.17820791123405766,0.2695622483922304
id17026,0.46840523091764796,0.16056351863937923,0.37103125044297275
id04243,0.7001111451184006,0.18568533607020438,0.11420351881139512
id13175,0.8404699306373805,0.08676407870763551,0.07276599065498396
id05387,0.7591359490234604,0.11231449880448358,0.12854955217205602
id19989,0.6549250587033504,0.20349318158298202,0.14158175971366757
id25173,0.37126544787818067,0.28750864488463246,0.341225907237187
id08925,0.1682037003891299,0.7613843056980949,0.07041199391277535
id03034,0.056659433213153254,0.8910277312917414,0.05231283549510531
id13272,0.1046177911960804,0.8394082108567795,0.05597399794714013
id07956,0.8604043252860298,0.08949681848795847,0.05009885622601179
id02648,0.0612421479261422,0.0907174482549027,0.8480404038189551
id01778,0.2607676569254753,0.06696132545333545,0.6722710176211892
id12846,0.06805781956708683,0.03173587216969419,0.9002063082632189
id19001,0.21709312171238848,0.11928982212646672,0.6636170561611449
id05763,0.7242527945289138,0.08163718006237199,0.19411002540871414
id15590,0.11528545782296161,0.046821454174128405,0.8378930880029101
id04912,0.5158716567148004,0.2227797755178776,0.26134856776732196
id21201,0.7042095160285083,0.16720935197786765,0.12858113199362398
id13215,0.838836174004024,0.07410537111615177,0.08705845487982426
id15612,0.1032002962717259,0.7659047665463334,0.13089493718194065
id18501,0.22633153894266927,0.1368359631325778,0.6368324979247529
id07223,0.17220536430124295,0.7019156956987427,0.12587894000001446
id06707,0.4982627318009417,0.32644859755083877,0.1752886706482195
id05238,0.03353136569449715,0.9418087478133972,0.024659886492105716
id00935,0.13926823576277658,0.35722419687772605,0.5035075673594974
id00110,0.5061566557109258,0.26047905063697707,0.2333642936520971
id17476,0.7511957302747377,0.1787526214552645,0.07005164826999785
id15170,0.7743030936545201,0.10006241049784242,0.1256344958476375
id13397,0.438075000439369,0.24565495167340756,0.31627004788722346
id24283,0.24184270599837582,0.5764617185493844,0.18169557545223974
id15234,0.7530108105817578,0.15721315831026392,0.08977603110797823
id16884,0.3566082662956113,0.3857037054998895,0.2576880282044991
id07831,0.2620803214720278,0.4575808379775709,0.2803388405504013
id16038,0.8352070385681442,0.12697062715481283,0.037822334277043006
id03629,0.8036541859564748,0.09408652560707073,0.10225928843645443
id21019,0.6823802064326022,0.20039420027803062,0.1172255932893671
id21835,0.3073065801585217,0.14267882045652922,0.5500145993849491
id04480,0.11752093906095817,0.8548757682582788,0.027603292680762996
id20838,0.3139264221891513,0.49684883332948115,0.1892247444813675
id24195,0.2414171035897208,0.3201907265157169,0.4383921698945623
id05448,0.5173313802011196,0.28427812565707006,0.19839049414181034
id15957,0.06178077839746027,0.9115666029739187,0.026652618628621054
id19956,0.058940589132635196,0.014752106502219507,0.9263073043651454
id15104,0.13525153790148903,0.3055320682001278,0.5592163938983833
id17559,0.5621103522677232,0.27438271416412247,0.1635069335681543
id16839,0.5294038558293322,0.1321243745147148,0.338471769655953
id14493,0.4837301077041462,0.13163241345829746,0.3846374788375563
id08833,0.706440739843808,0.11078969617543272,0.18276956398075928
id15723,0.1725091424140757,0.2055592290593521,0.6219316285265722
id02716,0.8373032165691396,0.12589059074004913,0.03680619269081123
id06689,0.12881018613659967,0.7830893439703308,0.08810046989306944
id18837,0.41490539597243503,0.22390180746294341,0.3611927965646215
id04466,0.6886836857991833,0.17406653407339873,0.13724978012741793
id00686,0.7349538205534454,0.09969343421776936,0.16535274522878526
id09010,0.28073765052743915,0.6493972104484573,0.06986513902410348
id23353,0.7919850734735067,0.10364079990871095,0.10437412661778243
id00066,0.7682276197595148,0.15352547111442458,0.0782469091260607
id15724,0.2226571923274304,0.6194643261462636,0.157878481526306
id23486,0.2249706354095274,0.011052968263717294,0.7639763963267552
id22258,0.061570677552465064,0.05223667809907896,0.886192644348456
id02292,0.8401401391467769,0.07567959776612984,0.08418026308709316
id16356,0.2963471413139454,0.13917859338908042,0.5644742652969741
id00235,0.5779949637992423,0.19800266030109864,0.22400237589965905
id25522,0.31721171696779077,0.07673644160291652,0.6060518414292927
id04204,0.16803598380881932,0.7614613952231828,0.07050262096799782
id22016,0.6261981951456087,0.1503288473063639,0.22347295754802743
id06480,0.10854740848871003,0.7954260616158659,0.09602652989542407
id08718,0.10479947237492232,0.023334782739983368,0.8718657448850944
id05251,0.08287284538866,0.81080341093168,0.10632374367966005
id03359,0.43335046397386995,0.29091153904817135,0.2757379969779587
id16117,0.15475545246271336,0.028640416348151766,0.8166041311891349
id17000,0.11142933632612126,0.8226789960482639,0.06589166762561491
id01730,0.480758112668016,0.3779417870814471,0.14130010025053696
id00630,0.500201188980801,0.3678702347277441,0.13192857629145494
id18175,0.20560791672573253,0.10483770335190128,0.6895543799223661
id00907,0.7176049225984237,0.09401687531210716,0.18837820208946918
id18251,0.18132983717972753,0.7621274458197842,0.05654271700048838
id25861,0.5784019587085251,0.26420959590556975,0.15738844538590516
id00398,0.4584029428201375,0.38376305027983537,0.15783400690002708
id27573,0.9212245876634033,0.025089784064578985,0.053685628272017685
id10022,0.05944730823215797,0.7225692199202327,0.21798347184760936
id15901,0.24735218525069605,0.07068856611049094,0.681959248638813
id00451,0.30636919683293,0.12604972710717838,0.5675810760598916
id23129,0.1636536396776618,0.7216544982937338,0.1146918620286044
id26498,0.42256290058416424,0.3385649114784464,0.2388721879373894
id14741,0.24836641223115508,0.20608043567337564,0.5455531520954692
id18453,0.38420689734798175,0.08023342637779451,0.5355596762742236
id08309,0.8394654382445643,0.0794202566789837,0.08111430507645216
id00320,0.8070544954937562,0.09664932610334881,0.09629617840289503
id07688,0.3203104717072907,0.11074887062085625,0.568940657671853
id01556,0.3272241422562251,0.06510469432179455,0.6076711634219805
id00178,0.3933253980555204,0.1618063072387852,0.4448682947056944
id18902,0.33468581514470364,0.21663782369630125,0.4486763611589952
id27002,0.8099116582218246,0.15202810195636712,0.03806023982180821
id21418,0.8545506139871044,0.08378376932015556,0.06166561669273992
id23018,0.3983486264955838,0.25911097367161734,0.3425403998327988
id07032,0.28594120057187283,0.5363782174917564,0.17768058193637076
id16195,0.5476812942592316,0.09020670736139286,0.3621119983793755
id11202,0.21372577277618307,0.4279131218041723,0.3583611054196446
id09578,0.4704257792023522,0.10730207941763907,0.42227214138000874
id26984,0.7006613541976823,0.06387553171921694,0.23546311408310083
id19856,0.1332277331074863,0.8161950324056626,0.05057723448685125
id12086,0.5304664163146333,0.08346111077039726,0.3860724729149694
id12052,0.16848850968193302,0.07801212842499412,0.753499361893073
id17728,0.13176454518770683,0.05076740160805841,0.8174680532042347
id24608,0.6516822614666927,0.17443063897564418,0.17388709955766304
id21097,0.24684273774882443,0.1834772141234236,0.569680048127752
id20179,0.10112158712076814,0.02430936060699764,0.8745690522722342
id15144,0.5248000238922687,0.3426866013574996,0.13251337475023173
id00206,0.8406712374062046,0.05633165648838448,0.10299710610541096
id22285,0.07037669473839768,0.022055934633078565,0.9075673706285237
id06417,0.33666429197247355,0.38821669929562896,0.2751190087318975
id00215,0.08672468369859042,0.8957032094027989,0.01757210689861063
id04201,0.2245795437514794,0.08301677589117057,0.6924036803573501
id21771,0.8465183694332732,0.09802765903728948,0.055453971529437346
id12451,0.36253891393813975,0.30295689424973143,0.3345041918121287
id14250,0.10525173773421434,0.7321330901214979,0.16261517214428783
id03433,0.16076633487604938,0.6652943410118133,0.1739393241121374
id03303,0.2781733453886345,0.1576460596933152,0.5641805949180504
id25901,0.3717760397351439,0.29985394879495514,0.32837001146990097
id06945,0.5907491512379501,0.13404239110467644,0.2752084576573735
id05664,0.31092282597331716,0.5117640468849853,0.17731312714169756
id05741,0.9235750742749842,0.050065973882580495,0.026358951842435197
id10652,0.1657399080465751,0.17876786154621563,0.6554922304072092
id16300,0.8260491927302864,0.07607496851584375,0.09787583875386996
id12319,0.5647982712143121,0.21217122177493966,0.22303050701074817
id07500,0.21681341981044364,0.7629756380221767,0.020210942167379592
id12478,0.2519578662367813,0.38781085443707686,0.3602312793261419
id03076,0.450531237374706,0.07911466374900385,0.4703540988762902
id00969,0.22231888135792072,0.534460134375846,0.24322098426623334
id23636,0.13017437394431638,0.7809648152468174,0.08886081080886617
id09791,0.14545040201042206,0.1550739105948835,0.6994756873946945
id05680,0.08740380950076725,0.4583486998424488,0.45424749065678394
id03672,0.2876719904631791,0.27915761916066223,0.4331703903761588
id04286,0.07663769659293304,0.7956155369154707,0.1277467664915962
id23883,0.09223574882974277,0.4020825264726666,0.5056817246975905
id11914,0.5234659866433271,0.24101571566796387,0.23551829768870902
id20974,0.1321540407658903,0.8068932607221841,0.06095269851192543
id26125,0.25682654341650746,0.3537670324914496,0.3894064240920429
id15543,0.3488455888170928,0.21497718643670893,0.4361772247461982
id19471,0.901960986969041,0.021331333072472213,0.07670767995848675
id11503,0.6123780005231573,0.27103436923249585,0.11658763024434685
id09321,0.04270797689169849,0.8140853242095667,0.14320669889873483
id25560,0.023648284652084947,0.02570140383902928,0.9506503115088858
id06726,0.28451462654368326,0.2233995395057059,0.4920858339506109
id05709,0.8703565891314295,0.04308378957984105,0.08655962128872931
id09788,0.40519773101788537,0.4331097395282939,0.16169252945382068
id05289,0.8900975121445106,0.07352171726967008,0.036380770585819344
id11815,0.01906799177573517,0.956353867570827,0.024578140653437892
id22422,0.43577268024189175,0.25343645001961534,0.3107908697384929
id25954,0.7286320696017289,0.050999370413492326,0.22036855998477883
id13601,0.4252290065201083,0.38030571935201163,0.19446527412788014
id05677,0.7506467360797635,0.09978225783334177,0.14957100608689486
id10498,0.16592701690702544,0.786112611166198,0.047960371926776546
id02665,0.3871162848791929,0.524627902884762,0.08825581223604496
id10114,0.12222867732596518,0.6505149768030528,0.22725634587098195
id26314,0.547724994412731,0.25277344212450625,0.19950156346276265
id21240,0.279031601654575,0.20981655110777164,0.5111518472376533
id15569,0.8416629843779142,0.08787782960282507,0.0704591860192607
id25928,0.39514983091904043,0.14898505269044063,0.45586511639051897
id22706,0.32196517737803587,0.5924203852297899,0.08561443739217425
id20877,0.0421111016867635,0.8535666488211331,0.10432224949210347
id04318,0.690153622372338,0.11172009954092516,0.19812627808673683
id18299,0.09677055296963208,0.80009246935817,0.1031369776721979
id08126,0.11354164444575429,0.027081474084691772,0.8593768814695539
id14293,0.48777107279797655,0.04885758772101435,0.46337133948100906
id12759,0.7940646219770102,0.10033057243491791,0.10560480558807188
id11983,0.448731038706747,0.08001700876494583,0.4712519525283072
id05580,0.27557487837602673,0.5405929031889178,0.18383221843505543
id25846,0.4250350548543493,0.38403180126113046,0.19093314388452037
id01939,0.44107819069000864,0.09988714814012585,0.4590346611698655
id26327,0.17148995223556884,0.45866293775053846,0.3698471100138927
id11068,0.15774372941104278,0.08867772813782429,0.753578542451133
id08404,0.6654815939446255,0.11374561295334587,0.22077279310202863
id27189,0.54881300296485,0.37188490534124397,0.07930209169390601
id15119,0.26070163296079324,0.48268546022698916,0.25661290681221743
id26525,0.8518656991658349,0.06850191954735133,0.07963238128681387
id03618,0.45170501941461616,0.34138269118446485,0.20691228940091907
id27220,0.8146098171272296,0.09125942817240099,0.09413075470036947
id18777,0.08854034298149263,0.015276856225344745,0.8961828007931627
id20213,0.7198078403099374,0.1485387976827739,0.1316533620072887
id20403,0.5240678101549763,0.3869480850825673,0.08898410476245648
id03777,0.2976111914525179,0.12581283826105388,0.5765759702864282
id10595,0.2852167193815282,0.5427209781920204,0.17206230242645146
id13816,0.5613214603365342,0.057588961260070584,0.3810895784033952
id05667,0.08268209410928166,0.10535254523282744,0.8119653606578909
id24629,0.1695856777498383,0.1015184706413983,0.7288958516087635
id20398,0.22244367041034419,0.3671922396623778,0.41036408992727813
id14108,0.13748609412543206,0.06431807076116856,0.7981958351133994
id06196,0.027164942920017917,0.9456253822205285,0.027209674859453692
id02800,0.08484721703310812,0.8510603518527968,0.06409243111409504
id18732,0.1028297219000604,0.8476698587643885,0.049500419335551105
id11915,0.24744105431524366,0.6203669826176419,0.13219196306711462
id09739,0.48729419234894383,0.1489299605726756,0.3637758470783806
id24672,0.6623091258431375,0.20148359537728258,0.13620727877957978
id00414,0.03988145020657986,0.1742863603899783,0.7858321894034419
id16307,0.42160747674856225,0.371055128517726,0.2073373947337117
id14043,0.2193851356766328,0.09740504235373279,0.6832098219696343
id00517,0.0044584359939358695,0.011108923457277655,0.9844326405487864
id09744,0.6397140220492213,0.2891413079691686,0.07114466998161001
id19257,0.6143817236936124,0.23573673438180837,0.14988154192457925
id15437,0.5135957385864964,0.4131710585132736,0.07323320290022986
id16352,0.41741000609555223,0.09813276699297042,0.4844572269114774
id18849,0.3161601741447761,0.19922196548075435,0.48461786037446963
id19434,0.044214049092576695,0.9195048052542474,0.0362811456531759
id17928,0.3687807621325969,0.14022813649140503,0.4909911013759981
id16896,0.19733256135537686,0.07373678541700646,0.7289306532276166
id02135,0.30958868156928115,0.3878424455605928,0.30256887287012607
id15075,0.6507462066855133,0.17734026604419798,0.17191352727028872
id27486,0.10888616704872908,0.8068063588183327,0.08430747413293815
id19422,0.7981215061399394,0.10546449829407317,0.09641399556598755
id09603,0.2566880080179851,0.5673356499947199,0.1759763419872951
id02133,0.4209120019490109,0.3223035290093871,0.25678446904160196
id03441,0.34207174618324965,0.07654887550425386,0.5813793783124964
id02398,0.26731121412857667,0.6715057949239867,0.06118299094743668
id05152,0.19431393743203135,0.1113937275471342,0.6942923350208345
id17838,0.6840191685957795,0.08392503559958261,0.23205579580463798
id25060,0.749251336691599,0.1596238646656205,0.09112479864278049
id09998,0.31242604039322636,0.19719345970812824,0.4903804998986454
id01828,0.14699948641548663,0.538836042564329,0.3141644710201842
id25377,0.42528133169588056,0.17256440857824074,0.4021542597258786
id22175,0.06682148244199194,0.9102639287053518,0.02291458885265634
id02974,0.16271016042597206,0.09354374394965151,0.7437460956243764
id26955,0.8716688416636876,0.08427025363800607,0.04406090469830637
id21091,0.6178998470776204,0.20707052309831692,0.17502962982406275
id12802,0.8426507530294,0.08996683610866249,0.06738241086193761
id07432,0.08748718847258667,0.8130991383810617,0.09941367314635158
id18749,0.33861233770298044,0.4161949314119353,0.2451927308850842
id15030,0.06919893135745188,0.2089079151231758,0.7218931535193723
id17155,0.21836097273608213,0.6535065381114543,0.1281324891524635
id08128,0.11594066726644664,0.6251065930487646,0.2589527396847886
id25706,0.031592355596729946,0.7046522067816295,0.2637554376216406
id15645,0.6099372372471848,0.2908338573252989,0.09922890542751647
id04943,0.8456327077967325,0.08091560401152689,0.07345168819174057
id27566,0.13672892813035148,0.0502023818021568,0.8130686900674917
id11765,0.4700246886102245,0.21340085181025475,0.3165744595795208
id13783,0.6275297316966859,0.21178902570644031,0.16068124259687377
id00492,0.12871409514262214,0.11404495517750424,0.7572409496798735
id27636,0.22914549876228196,0.20150205817518718,0.5693524430625309
id04273,0.58891504606515,0.2506190707681052,0.1604658831667449
id02537,0.3786318223683812,0.32704283841782167,0.2943253392137971
id24349,0.7245242050614511,0.2230197514670194,0.05245604347152941
id00023,0.037208341687748184,0.8998045317087161,0.06298712660353568
id23025,0.584294503542482,0.3875001485539966,0.028205347903521395
id08722,0.7503970065430385,0.1074077962106612,0.14219519724630025
id02420,0.8697154218268983,0.10574160257564988,0.02454297559745189
id10811,0.6374372980277685,0.15693469434016935,0.20562800763206213
id04019,0.11626761896730706,0.08813202229907846,0.7956003587336145
id18334,0.8242121321096122,0.11263145459211303,0.06315641329827476
id16781,0.43149112967613745,0.38988978724596746,0.17861908307789517
id08773,0.6282753472701671,0.27062060747691763,0.10110404525291533
id19214,0.5780843426261388,0.2066453731405547,0.21527028423330635
id09589,0.09134706764090213,0.5790909273829122,0.32956200497618565
id24246,0.6144959567373819,0.15563110305439848,0.22987294020821958
id23577,0.7079263891891342,0.2641912036618019,0.027882407149063825
id09305,0.7634130741628797,0.05946577185962232,0.17712115397749784
id16460,0.5550427008765353,0.10770945941012369,0.33724783971334105
id21115,0.5142095441778528,0.3368254312067867,0.14896502461536051
id25996,0.3936284738657676,0.16037313230073394,0.44599839383349843
id02551,0.17355453583614988,0.14941089660931853,0.6770345675545316
id19352,0.11194299280489355,0.02521709940145235,0.8628399077936542
id03806,0.19627673840506613,0.09331192984507483,0.710411331749859
id26544,0.7527135067749313,0.10087294815567376,0.14641354506939477
id18761,0.8294888803057812,0.08279410887922929,0.0877170108149895
id24148,0.40261262517072094,0.5006280152799646,0.09675935954931464
id16095,0.10952202073010092,0.648106957233538,0.24237102203636124
id18442,0.6299693607667722,0.16009125234221147,0.20993938689101627
id22596,0.003845054240167802,0.0015601644212732938,0.9945947813385589
id23002,0.15639751208420227,0.07265970634150067,0.7709427815742971
id04797,0.8633405832647123,0.06464166430630293,0.07201775242898482
id06610,0.2055560428848534,0.06528939425804794,0.7291545628570987
id16173,0.4652492631464732,0.35770448583612957,0.17704625101739724
id18292,0.3045930723440125,0.20303818191687437,0.49236874573911327
id27328,0.9133552706291461,0.03956726769140858,0.04707746167944531
id01695,0.3321311177079711,0.48209383945485784,0.18577504283717106
id05761,0.5776855966873693,0.16258911958885927,0.25972528372377146
id16354,0.8100927017802632,0.09439784839254299,0.09550944982719381
id12207,0.20641987515962565,0.5349738947848681,0.25860623005550615
id05665,0.3034704321100147,0.08750362212588139,0.609025945764104
id01911,0.679555857987825,0.22149586565676288,0.09894827635541201
id19153,0.07509441174045398,0.055446461333905364,0.8694591269256406
id10295,0.525494824090289,0.17856571876432487,0.29593945714538605
id23038,0.2969704123618711,0.5417987695611409,0.161230818076988
id23783,0.645592569920281,0.2845527650350884,0.06985466504463045
id27879,0.5380730410945859,0.39297203616991794,0.06895492273549617
id19190,0.2325742407560457,0.7183681631686234,0.04905759607533078
id05065,0.7580479903963102,0.06833912332534078,0.17361288627834914
id21296,0.22357090936832724,0.5654542536749816,0.2109748369566912
id13262,0.5158652757601867,0.19536822377195895,0.2887665004678543
id10333,0.6601318050752942,0.10333994559302162,0.23652824933168426
id16677,0.25375460108515985,0.36708588628728495,0.3791595126275552
id01392,0.35566969471664595,0.13479903301997936,0.5095312722633747
id27874,0.38706302875297405,0.29978659192589435,0.3131503793211316
id02294,0.08614909989011686,0.6801658207488933,0.23368507936098976
id18298,0.07988125056243184,0.0759767968101495,0.8441419526274185
id06997,0.7979607978859802,0.0853264462603242,0.11671275585369564
id05243,0.6479564377510793,0.12072381633460566,0.23131974591431503
id00860,0.1498464643319804,0.4971499431804498,0.35300359248756985
id26681,0.8018070499001178,0.1616687661866013,0.03652418391328085
id06020,0.028846322289799983,0.009800921057352458,0.9613527566528477
id27683,0.6250866960542012,0.1755204036230342,0.19939290032276458
id17655,0.1795248431882893,0.7714066107301766,0.04906854608153418
id08817,0.27006239460988934,0.10474986762611832,0.6251877377639923
id11512,0.05185562669686837,0.14459831911363613,0.8035460541894957
id00478,0.34049816166400754,0.20810152706221724,0.4514003112737751
id02116,0.7125263986707788,0.12948157889469222,0.15799202243452898
id06746,0.8209175957657637,0.10164156427200197,0.0774408399622344
id03863,0.35445860262207124,0.5070182017415237,0.13852319563640508
id01802,0.35826634890611087,0.31733429770013705,0.3243993533937521
id11682,0.6361192134825903,0.1021840035877491,0.26169678292966053
id04033,0.032181282124275117,0.8847273429906408,0.08309137488508411
id09286,0.2972343108166074,0.41006773234412314,0.2926979568392696
id12904,0.843827667963811,0.09722311015499709,0.05894922188119205
id07420,0.06537109570305816,0.060713257791854304,0.8739156465050877
id22398,0.029778559762884852,0.9302203315624735,0.04000110867464166
id00424,0.34294872699955714,0.09746859442405487,0.5595826785763881
id20960,0.7521242478936574,0.14998532304519402,0.09789042906114853
id10267,0.6840850973680723,0.1445242979095739,0.1713906047223537
id19330,0.4207639547917347,0.056741215443886495,0.5224948297643788
id00994,0.24030887486014446,0.5618790122268843,0.19781211291297113
id10785,0.5427386394096143,0.30331145224196715,0.15394990834841857
id00955,0.10607179781255466,0.8020827033748452,0.0918454988126002
id09757,0.06035832169713927,0.9114731211397684,0.02816855716309221
id10030,0.34150364408991335,0.13530860624311716,0.5231877496669695
id22952,0.13494089216103153,0.23789925679308532,0.6271598510458831
id21955,0.014233045958648948,0.033139272610899544,0.9526276814304515
id07674,0.3939000560393128,0.3613472053340684,0.2447527386266189
id13760,0.4258474946035582,0.45131568146904966,0.12283682392739217
id18166,0.6656401438326822,0.053040377013027745,0.28131947915428995
id23498,0.6651724379849705,0.28246698316784774,0.052360578847181746
id05296,0.8856498642801915,0.04497241915102425,0.06937771656878419
id26709,0.5941443807712847,0.1509037462431292,0.25495187298558614
id02853,0.8515296914340891,0.10977933734810433,0.038690971217806604
id06800,0.31223188377230715,0.23724818313122237,0.4505199330964704
id14758,0.3458382127256382,0.5258989725375516,0.12826281473681028
id12356,0.7165294361019333,0.17695157268760983,0.10651899121045688
id21492,0.4979903457005208,0.2884634360736463,0.21354621822583292
id27540,0.42576213321699086,0.1840323483838761,0.3902055183991332
id07376,0.35828082117889243,0.43851849614391136,0.2032006826771962
id15201,0.6402506216881086,0.2334250056593533,0.12632437265253801
id23388,0.06972187790328252,0.8430189086683078,0.08725921342840957
id13923,0.11742822142619502,0.8031010198286879,0.0794707587451171
id00794,0.14183160526471508,0.7086326433909238,0.1495357513443611
id23910,0.2931268808960289,0.17775898073047758,0.5291141383734935
id02556,0.060537985389709614,0.0956553831136398,0.8438066314966506
id22151,0.08244813053544629,0.856691995505462,0.06085987395909159
id11698,0.26995261155783046,0.6001791271843882,0.12986826125778136
id11627,0.5498403533121147,0.19138905160958208,0.25877059507830336
id06340,0.9031517322208826,0.055114830604428816,0.04173343717468868
id05123,0.8943677852943482,0.030649472847310608,0.0749827418583411
id26620,0.06548526316283795,0.023368141253874,0.911146595583288
id04002,0.20545449033417815,0.31868875767031535,0.4758567519955065
id26554,0.22273897867649345,0.5304000795513966,0.24686094177211
id18012,0.2561217356620533,0.30315490725208616,0.4407233570858605
id12964,0.1866713591556945,0.08217692043453323,0.7311517204097723
id18965,0.14712598282347783,0.36612273749216245,0.4867512796843597
id19082,0.3114825240095884,0.14660553773381735,0.5419119382565941
id26742,0.11456448345215048,0.043397272575947284,0.8420382439719023
id15442,0.3373525923509486,0.4725512739815271,0.19009613366752431
id16647,0.4710962180168182,0.17526616345733181,0.35363761852584985
id11544,0.3740192274036654,0.10167729517359753,0.5243034774227371
id20581,0.49366566257624156,0.22026446071300998,0.2860698767107485
id13192,0.3638802177420006,0.24984897089243885,0.3862708113655606
id15814,0.22822071181567444,0.440823838085326,0.3309554500989995
id26279,0.43163158863045314,0.47639585652826255,0.0919725548412843
id00240,0.8756486539359145,0.05750654989096251,0.06684479617312317
id22836,0.8488521433978294,0.0719489804080875,0.07919887619408311
id15085,0.11772670954805387,0.5594209939090685,0.32285229654287767
id17495,0.6112323402864348,0.11477097095926778,0.2739966887542975
id26762,0.5163218223405706,0.21931397305369602,0.2643642046057335
id13685,0.8686764446678539,0.02723435565382201,0.10408919967832413
id16560,0.14546564643335588,0.8166463419079207,0.03788801165872337
id17184,0.029152344735301393,0.9438156548906673,0.02703200037403129
id21635,0.9671662533121341,0.015947111617037504,0.01688663507082838
id26751,0.2219522366045376,0.7046657250334777,0.07338203836198472
id12351,0.7211937570410364,0.06992235216642663,0.20888389079253705
id14872,0.4786308203535159,0.25513707678907965,0.2662321028574044
id18372,0.5260732768735078,0.2670124800586508,0.20691424306784145
id26851,0.5143750378004024,0.27305153124512893,0.2125734309544687
id22659,0.42971433470074677,0.540109822809567,0.030175842489686314
id04102,0.014307726842687645,0.005360171327877627,0.9803321018294346
id02353,0.16697212900932573,0.7797291298360203,0.05329874115465398
id26721,0.857408498553482,0.09587014338356722,0.046721358062950774
id11171,0.41526909500213904,0.15640696997382975,0.4283239350240312
id13562,0.3369408503464344,0.46169096702526286,0.20136818262830272
id26425,0.9273534005438113,0.033057298829076695,0.0395893006271121
id26394,0.3003934966447284,0.24614202320575698,0.45346448014951457
id22187,0.31828509998307686,0.5209592009415784,0.16075569907534484
id00422,0.8556065323706776,0.056732191725029454,0.087661275904293
id22667,0.05764781887154309,0.9230798190756477,0.019272362052809345
id00911,0.5836629439518525,0.23567625706031542,0.18066079898783216
id17291,0.5907488312769527,0.16415700580498271,0.24509416291806474
id01915,0.30118631212213776,0.26342825162880384,0.43538543624905846
id01434,0.1664943780421018,0.10860210593808811,0.7249035160198101
id01584,0.3325113068852841,0.25592405150051106,0.4115646416142049
id09266,0.6862075493188373,0.11534303883041705,0.19844941185074572
id17494,0.08836722007097024,0.8773765785376781,0.034256201391351514
id24919,0.23557781467255867,0.3826445082875989,0.38177767703984244
id21043,0.17103902973541465,0.03422663430564873,0.7947343359589365
id17796,0.2558880444093271,0.6538461782088999,0.09026577738177291
id02166,0.27043092877568564,0.09186159331893666,0.6377074779053777
id17503,0.7594837892999331,0.11353482150445285,0.126981389195614
id21203,0.5041325295626943,0.2343465857039565,0.2615208847333492
id25626,0.8955491453471199,0.0849062691835023,0.019544585469377818
id09836,0.8882411226117559,0.09315513259573412,0.01860374479251
id24202,0.2388474071930793,0.22506217906242837,0.5360904137444923
id27260,0.3651969048129369,0.24622235316710223,0.38858074201996096
id23167,0.05466193751495467,0.02905241312463166,0.9162856493604137
id10393,0.08929654810539772,0.8541179122334652,0.05658553966113712
id01171,0.5822846705447692,0.28704788358861916,0.13066744586661158
id06380,0.8400556718955682,0.08911935737141156,0.07082497073302033
id22686,0.38367612012497077,0.031901565712691336,0.5844223141623379
id26250,0.23774984945976307,0.06523129665733557,0.6970188538829013
id09315,0.32545622533876056,0.48089097333837927,0.19365280132286017
id00886,0.404521318570509,0.30413018234960404,0.2913484990798871
id03101,0.6266492711636197,0.13981348655428388,0.2335372422820965
id12367,0.4850263147838104,0.17762530440757573,0.33734838080861396
id10770,0.6551342782827956,0.10182921360291912,0.24303650811428534
id14949,0.2871794918585168,0.6498803902583874,0.06294011788309575
id14141,0.24955881991465384,0.5521746402852183,0.19826653980012776
id25417,0.3986014668685768,0.3336473082225925,0.2677512249088307
id26873,0.6063577705537856,0.14472931777697953,0.248912911669235
id10818,0.197418285044875,0.0893896966943775,0.7131920182607476
id15146,0.5543285736356867,0.08322419804552712,0.3624472283187861
id23328,0.7566791018791366,0.18443995924864487,0.05888093887221846
id16765,0.4035248241995215,0.4620049253034477,0.13447025049703074
id24383,0.7939702681754806,0.061694776303870894,0.14433495552064857
id21304,0.798148011555355,0.08911577434913424,0.1127362140955108
id12551,0.2296740325782095,0.6907457310483566,0.07958023637343396
id23274,0.29347842955884285,0.20847660305556642,0.4980449673855907
id08117,0.5221239739616225,0.18432190155872505,0.2935541244796525
id23961,0.6537000328451102,0.13590949987558662,0.2103904672793031
id13865,0.11748451728047699,0.8174549728830318,0.06506050983649118
id22807,0.3614903357637008,0.12040714158394614,0.518102522652353
id08951,0.22186929263281363,0.24071130275959873,0.5374194046075876
id18684,0.8903505238865039,0.064376037593849,0.045273438519647116
id25179,0.15607499148652637,0.43855035437839796,0.4053746541350758
id27033,0.6628077984616332,0.1426211590646624,0.19457104247370438
id13977,0.1637108957622855,0.5456294995796227,0.2906596046580918
id19337,0.05215790885777907,0.8465545147907014,0.10128757635151941
id25764,0.22868179607221303,0.6961163582208856,0.0752018457069013
id16106,0.20000218069829898,0.2775662584368605,0.5224315608648405
id05468,0.11451051321394681,0.04923512044043961,0.8362543663456135
id05241,0.9111036968275383,0.028545242025350248,0.06035106114711142
id10215,0.5989710500318322,0.18554229744613593,0.21548665252203186
id23457,0.14585688632436064,0.20988968637543165,0.6442534273002077
id02200,0.6401336013918224,0.25808035759170334,0.10178604101647412
id13714,0.40847649884519055,0.4031931446497461,0.18833035650506336
id20332,0.01806485463825026,0.025480150349710733,0.9564549950120389
id18573,0.29048407112991503,0.23668521144655658,0.47283071742352833
id08569,0.6861740833602099,0.07006519390558814,0.243760722734202
id22767,0.3649848282944862,0.44256338994493805,0.19245178176057576
id25390,0.21853421382596777,0.6024138169863972,0.17905196918763502
id09288,0.8277366001952472,0.08537632616545202,0.08688707363930083
